[[ -2.09158606e-02  -2.73651436e-02  -5.89203329e-02 ...,  -8.84924907e-02
   -3.85521301e-02  -1.78670259e-01]
 [ -3.14018106e-03  -1.10389347e-02  -6.56697243e-03 ...,  -1.98296692e-02
    1.70738479e-02  -4.84116049e-02]
 [ -2.74004255e-04  -6.91207231e-03   6.47884634e-03 ...,  -6.47371542e-02
    2.69213659e-02  -4.40711804e-02]
 ..., 
 [  1.46784057e-03   3.54926733e-03   5.69041396e-03 ...,  -5.08168454e-02
    3.74360764e-02  -1.33803018e-01]
 [ -6.67534867e-02   4.45674994e-02   3.78810988e-02 ...,  -6.66435809e-02
   -6.77990056e-02  -2.73689227e-01]
 [  6.97199306e-04   6.94324448e-04  -3.40680348e-05 ...,  -3.73163863e-02
   -1.56306600e-02  -1.20190220e-01]]
